000000000000000000000000000000000000000000000000000000000000000000000000000000000000000000
000000000000000000000000000000000000000000000000000000000000000000000000000000000000000000
000000000000000000000000000000000000000000000000000000000000000000000000000000000000000000
000000000000000000000000000000000000000000000000000000000000000000000000000000000000000000
000000022222000000000000000000000000000000000000000000000000000000000000000000000000000000
000000000000000000000000000000000000000000000000000000000000000000000000000000000000000000
22000000000000000220000002200000000000000000000000000000000000000000000000000222222222
11222222222222222110000221120022222222222222222222222222222222222222222222222222222000
11111111111111111110000111110011111111111111111111111110000000000000000000000000222222222222
111111111111111111100000110000111111111111111111111100
11111111111111111110000010000011111111111111111000000
111111111111111111100000100000
111111111111111111100000000000
